0 0 0 2 0 0 0 0 2 6 2 0 0 0 0 0 0 15 1 1 0 0 7 4 0 1 0 0 0 
0 1 0 1 0 0 0 0 2 7 2 0 0 0 0 0 0 15 1 1 0 0 7 4 0 1 0 0 0 
1 0 0 1 0 0 0 0 2 7 2 0 0 0 0 0 0 15 1 1 0 0 7 4 0 1 0 0 0 
0 0 0 1 0 0 0 0 2 7 2 1 0 0 0 0 0 15 1 1 0 0 7 4 0 1 0 0 0 
0 0 0 1 0 0 0 0 2 7 2 0 0 0 0 1 2 15 1 1 0 0 7 4 0 1 0 0 0 
0 0 0 1 0 0 0 0 2 7 2 0 0 0 0 1 0 15 1 1 0 0 7 4 0 1 0 0 0 
0 0 0 2 0 0 0 0 2 7 2 0 0 0 0 0 1 15 1 1 0 0 8 5 0 1 0 0 0 
0 0 0 1 0 0 0 0 5 9 2 0 0 0 0 0 1 17 1 1 0 0 9 5 0 1 0 0 0 
0 0 0 1 6 0 0 0 3 13 2 0 0 0 0 0 1 17 3 1 0 0 9 5 0 1 0 0 0 
0 0 0 1 0 0 0 0 3 7 2 0 0 2 3 0 0 15 1 1 0 0 7 4 0 1 0 0 0 
0 0 0 1 0 0 0 0 3 9 2 0 0 0 1 0 0 15 1 1 0 2 9 4 0 1 0 0 0 
0 0 0 2 0 0 0 0 2 6 2 0 0 0 0 0 0 15 1 1 0 0 7 4 0 1 0 0 0 
0 0 0 2 0 0 0 0 6 8 2 0 0 0 0 0 0 16 1 1 2 0 7 4 0 1 0 1 0 
0 0 0 2 3 0 0 0 2 6 2 0 0 0 0 0 0 15 1 1 2 0 7 5 0 1 1 1 0 
0 0 0 2 0 0 1 0 4 6 2 0 0 0 4 0 0 15 1 1 1 0 6 4 0 1 0 0 1 
0 0 0 2 0 0 0 0 5 8 2 0 0 0 0 0 0 15 1 1 2 0 6 4 0 1 0 1 0 
0 0 0 2 0 0 0 0 2 16 2 0 0 0 0 0 0 17 1 1 2 0 6 4 0 1 0 1 0 
0 0 0 2 0 0 0 0 2 6 2 0 0 1 0 1 0 15 1 0 1 0 7 4 0 1 0 0 0 
0 0 0 3 0 0 0 0 2 6 2 0 0 0 0 0 0 15 1 0 2 0 8 4 0 1 0 0 0 
0 0 0 3 0 0 0 0 2 6 2 0 0 0 0 0 0 16 1 1 2 0 8 4 0 1 0 0 0 
0 0 0 2 0 0 0 0 6 10 2 0 0 0 0 0 0 16 1 1 2 0 8 4 0 1 0 0 0 
0 2 0 2 0 0 0 1 6 12 2 0 0 0 2 0 0 16 1 1 2 1 7 5 0 1 0 0 0 
0 0 1 2 0 0 0 0 2 6 2 0 0 1 0 0 0 15 1 0 1 0 7 4 0 1 0 0 0 
0 0 1 2 0 0 0 1 2 6 2 0 0 1 0 0 0 15 1 0 1 0 6 5 0 1 0 0 0 
0 0 0 1 0 0 0 1 6 11 2 0 0 0 0 0 1 17 1 1 2 0 7 6 0 1 0 0 0 
0 0 0 1 0 0 0 1 3 7 2 0 0 2 3 0 0 15 1 1 0 0 6 5 0 1 0 0 0 
0 0 0 1 0 0 0 1 2 7 2 0 0 3 2 0 0 17 1 2 3 1 6 5 0 1 0 0 0 
0 0 0 1 0 0 0 1 5 9 2 0 0 0 1 0 0 18 1 1 0 2 8 5 0 1 0 0 0 
0 0 0 2 0 0 0 1 6 10 2 0 0 0 0 0 0 16 1 2 2 0 6 5 0 1 0 1 0 
0 0 0 2 0 0 0 1 3 7 2 0 1 0 0 0 0 15 1 1 2 0 6 5 0 1 0 1 0 
0 0 0 2 3 0 0 1 3 8 2 0 0 0 2 0 0 16 1 1 6 1 9 6 0 1 1 1 0 
0 0 0 2 3 0 0 1 2 7 2 0 0 3 2 0 0 18 1 2 7 1 7 6 0 1 1 1 0 
0 0 2 2 0 0 0 0 2 6 2 0 0 0 2 0 0 15 1 0 0 1 7 4 0 1 0 0 0 
0 0 1 2 0 0 0 0 2 6 2 0 0 1 0 0 0 15 1 0 1 0 7 4 0 1 0 0 0 
0 0 2 2 0 0 0 0 2 6 2 0 0 0 2 0 0 15 1 0 0 1 7 4 0 1 0 0 0 
0 0 0 2 0 0 0 0 6 6 2 0 0 0 2 0 0 15 1 0 0 1 7 4 0 1 0 0 0 
0 0 0 2 0 0 0 0 6 6 2 0 0 0 2 0 0 15 1 0 0 1 7 4 0 1 0 0 0 
0 0 0 2 0 0 0 1 9 8 2 0 0 0 2 0 0 15 1 0 2 1 5 5 0 1 0 1 0 
0 0 0 1 0 0 0 0 6 7 2 0 0 0 2 1 0 15 1 0 0 1 7 4 0 1 0 0 0 
0 0 0 1 0 0 0 0 4 7 2 0 0 0 2 1 2 15 1 0 0 1 7 4 0 1 0 0 0 
0 0 0 2 0 0 0 1 2 9 2 0 0 3 3 1 0 17 1 0 3 3 7 7 0 1 0 0 0 
0 0 0 2 0 0 0 1 2 9 2 0 0 3 3 1 0 17 1 0 3 3 7 7 0 1 0 0 0 
0 0 0 2 0 0 0 1 2 6 2 0 0 0 0 0 0 15 1 1 0 0 6 5 0 1 0 0 0 
0 1 0 1 0 0 0 1 2 7 2 0 0 0 0 0 0 15 1 1 0 0 6 5 0 1 0 0 0 
1 0 0 1 0 0 0 1 2 7 2 0 0 0 0 0 0 15 1 1 0 0 6 5 0 1 0 0 0 
0 0 0 1 0 0 0 1 2 7 2 1 0 0 0 0 0 15 1 1 0 0 6 5 0 1 0 0 0 
0 0 0 1 0 0 0 1 2 7 2 0 0 0 0 1 0 15 1 1 0 0 6 5 0 1 0 0 0 
0 0 0 1 0 0 0 1 2 7 2 0 0 0 0 1 2 15 1 1 0 0 6 5 0 1 0 0 0 
0 0 0 2 0 0 0 1 2 7 2 0 0 0 0 0 1 15 1 1 0 0 7 6 0 1 0 0 0 
0 0 0 1 0 0 0 1 5 9 2 0 0 0 0 0 1 17 1 1 0 0 8 6 0 1 0 0 0 
0 0 0 1 6 0 0 1 3 13 2 0 0 0 0 0 1 17 3 1 0 0 8 6 0 1 0 0 0 
0 0 0 1 0 0 0 1 3 7 2 0 0 2 3 0 0 15 1 1 0 0 6 5 0 1 0 0 0 
0 0 0 1 0 0 0 1 3 9 2 0 0 0 1 0 0 15 1 1 0 2 8 5 0 1 0 0 0 
0 0 0 2 0 0 0 1 2 6 2 0 0 0 0 0 0 15 1 1 0 0 6 5 0 1 0 0 0 
0 0 0 2 0 0 0 1 6 8 2 0 0 0 0 0 0 16 1 1 2 0 6 5 0 1 0 1 0 
0 0 0 2 3 0 0 1 2 6 2 0 0 0 0 0 0 15 1 1 2 0 6 6 0 1 1 1 0 
0 0 0 2 0 0 1 1 4 6 2 0 0 0 4 0 0 15 1 1 1 0 5 5 0 1 0 0 1 
0 0 0 2 0 0 0 1 5 8 2 0 0 0 0 0 0 15 1 1 2 0 5 5 0 1 0 1 0 
0 0 0 4 0 0 0 1 3 8 2 0 0 0 0 0 0 17 1 1 2 0 5 5 0 1 0 1 0 
0 0 1 3 0 0 0 1 4 7 2 0 0 0 0 0 0 15 1 1 2 0 5 5 0 1 0 1 0 
0 0 2 2 0 0 0 1 4 8 2 0 0 0 0 0 0 15 1 1 2 0 5 5 0 1 0 1 0 
0 0 0 5 0 0 0 1 2 8 2 0 0 0 0 0 0 15 1 1 2 0 5 5 0 1 0 1 0 
0 0 0 3 0 0 0 1 6 8 2 0 0 0 0 0 0 16 1 1 2 0 5 5 0 1 0 1 0 
0 0 0 2 0 0 0 1 2 16 2 0 0 0 0 0 0 17 1 1 2 0 5 5 0 1 0 1 0 
0 0 0 2 0 0 0 1 2 6 2 0 0 1 0 1 0 15 1 0 1 0 6 5 0 1 0 0 0 
0 0 0 3 0 0 0 1 2 6 2 0 0 0 0 0 0 15 1 0 2 0 7 5 0 1 0 0 0 
0 0 0 3 0 0 0 1 2 6 2 0 0 0 0 0 0 16 1 1 2 0 7 5 0 1 0 0 0 
0 0 0 2 0 0 0 1 6 10 2 0 0 0 0 0 0 16 1 1 2 0 7 5 0 1 0 0 0 
0 0 0 4 0 0 0 0 2 8 2 0 0 0 0 0 0 16 1 1 2 0 8 4 0 1 0 0 0 
0 0 2 2 0 0 0 1 2 6 2 0 0 0 2 0 0 15 1 0 0 1 6 5 0 1 0 0 0 
0 0 1 2 0 0 0 1 2 6 2 0 0 1 0 0 0 15 1 0 1 0 6 5 0 1 0 0 0 
0 0 2 2 0 0 0 1 2 6 2 0 0 0 2 0 0 15 1 0 0 1 6 5 0 1 0 0 0 
0 0 0 2 0 0 0 1 6 6 2 0 0 0 2 0 0 15 1 0 0 1 6 5 0 1 0 0 0 
0 0 0 2 0 0 0 1 6 6 2 0 0 0 2 0 0 15 1 0 0 1 6 5 0 1 0 0 0 
0 0 0 1 0 0 0 1 6 7 2 0 0 0 2 1 0 15 1 0 0 1 6 5 0 1 0 0 0 
0 0 0 1 0 0 0 1 4 7 2 0 0 0 2 1 2 15 1 0 0 1 6 5 0 1 0 0 0 
0 0 0 2 0 1 0 1 2 6 2 0 0 0 0 0 0 15 1 0 3 0 7 5 0 1 0 0 0 
0 0 1 2 0 0 0 1 2 6 2 0 0 1 0 0 0 15 1 0 3 0 6 5 1 1 0 0 0 
0 0 1 2 0 0 0 1 3 6 2 0 0 1 0 0 0 15 1 0 3 0 6 5 1 1 0 0 0 
0 0 0 2 0 0 0 1 6 8 2 0 0 0 0 0 0 15 1 0 4 0 6 5 1 1 0 0 0 
0 0 0 2 0 0 0 1 6 8 2 0 0 0 0 0 0 15 1 1 2 0 5 5 0 1 0 1 0 
0 0 0 2 0 0 0 0 6 8 2 0 0 0 0 0 0 15 1 1 2 0 6 4 0 1 0 1 0 
0 0 0 2 0 0 0 1 4 6 2 0 0 0 2 0 2 15 1 0 0 1 6 5 0 1 0 0 0 
0 0 0 2 0 0 0 0 4 6 2 0 0 0 2 0 2 15 1 0 0 1 7 4 0 1 0 0 0 
0 0 0 2 0 0 2 1 2 6 2 0 0 1 1 0 0 15 1 0 1 0 6 5 0 1 0 0 0 
0 0 0 2 0 0 2 0 2 6 2 0 0 1 1 0 0 15 1 0 1 0 7 4 0 1 0 0 0 
0 0 0 1 0 0 2 1 2 7 2 0 0 1 1 1 0 15 1 0 1 0 6 5 0 1 0 0 0 

