0 0 0 0 0 0 0 0 0 1 1 0 0 1 1 0 0 0 0 0 0 0 1 2 0 0 0 0 0 7 0 1 0 0 1 3 1 2 2 0 0 0 0 0 0 0 1 2 0 0 0 0 19 0 1 0 0 11 2 1 0 0 0 0 2 0 0 1 0 0 0 0 0 0 0 0 0 0 0 0 0 1 
0 0 1 0 0 0 0 0 0 1 0 0 0 0 1 0 0 0 0 0 0 0 1 2 0 0 0 0 0 7 1 1 0 0 2 3 1 2 2 0 0 0 0 0 0 0 1 2 0 0 0 0 19 0 1 0 0 11 2 1 0 0 0 0 2 0 0 1 0 0 0 0 0 0 0 0 0 0 0 0 0 1 
1 0 0 0 0 0 0 0 0 1 0 0 0 0 1 0 0 0 0 0 0 0 1 2 0 0 0 0 0 7 1 1 0 0 2 3 1 2 2 0 0 0 0 0 0 0 1 2 0 0 0 0 19 0 1 0 0 11 2 1 0 0 0 0 2 0 0 1 0 0 0 0 0 0 0 0 0 0 0 0 0 1 
0 0 0 0 0 0 0 0 0 1 0 0 0 0 1 0 0 0 0 0 0 0 1 2 0 0 0 0 0 7 1 1 0 0 2 3 1 2 2 0 0 0 0 0 0 0 1 2 1 0 0 0 19 0 1 0 0 11 2 1 0 0 0 0 2 0 0 1 0 0 0 0 0 0 0 0 0 0 0 0 0 1 
0 0 0 0 0 0 0 0 0 1 0 0 0 0 1 0 0 0 0 0 0 0 1 2 0 0 0 0 0 7 1 1 0 0 2 3 1 2 2 0 0 0 0 0 1 0 1 2 0 0 0 1 19 0 1 0 0 11 2 1 0 0 0 0 2 0 0 1 0 0 0 0 0 0 0 0 0 0 0 1 0 1 
0 0 0 0 0 0 0 0 0 1 0 0 0 0 1 0 0 0 0 0 0 0 1 2 0 0 0 0 0 7 1 1 0 0 2 3 1 2 2 0 0 0 0 0 0 0 1 2 0 0 1 0 19 0 1 0 0 11 2 1 0 0 0 0 2 0 0 1 0 0 0 0 0 0 0 0 0 0 0 0 0 1 
0 0 0 0 0 0 0 0 0 1 0 0 0 1 2 0 0 0 0 0 0 0 1 2 0 0 0 0 0 7 1 1 0 0 2 3 1 2 2 0 0 0 0 0 0 1 1 2 0 0 0 1 19 0 1 0 0 11 2 1 0 0 0 0 2 0 0 1 0 0 0 0 0 0 0 0 0 0 0 0 1 1 
0 0 0 0 0 0 0 0 0 1 0 0 0 0 1 0 0 0 0 0 0 0 3 4 0 0 0 0 0 10 1 1 0 0 3 3 1 2 2 0 0 0 0 0 0 1 1 2 0 0 0 1 20 0 1 0 0 13 3 1 0 0 0 0 2 0 0 1 0 0 0 0 0 0 0 0 0 0 0 0 1 1 
0 0 0 0 0 0 0 0 0 1 0 0 0 0 1 6 6 0 0 0 0 0 1 4 0 0 0 0 3 9 3 1 0 0 3 4 1 2 2 0 0 0 0 0 0 1 3 2 0 0 0 1 20 2 1 0 0 13 2 1 0 0 0 0 2 0 0 1 0 0 0 0 0 0 0 0 0 0 0 0 1 1 
0 0 0 0 0 0 0 0 0 1 0 0 0 0 1 0 0 0 0 0 0 0 1 2 0 1 1 0 0 7 1 1 0 0 2 3 1 2 2 1 0 3 0 0 0 0 1 2 0 1 0 0 19 0 1 0 0 11 2 1 0 0 0 0 2 0 0 1 0 0 1 0 0 0 0 0 0 0 0 0 0 1 
0 0 0 0 0 0 0 0 0 1 0 0 0 0 1 0 0 0 0 0 0 0 1 4 0 0 0 0 0 7 1 1 0 2 4 3 1 2 2 0 0 0 2 0 0 0 1 2 0 1 0 0 19 0 1 0 0 11 2 1 0 0 0 1 2 0 0 1 0 0 0 0 0 0 0 0 0 2 0 0 0 1 
0 0 0 0 0 0 0 0 0 1 1 0 0 1 1 0 0 0 0 0 0 0 1 2 0 0 0 0 0 7 0 1 0 0 1 3 1 2 2 0 0 0 0 0 0 0 1 2 0 0 0 0 19 0 1 0 0 11 2 1 0 0 0 0 2 0 0 1 0 0 0 0 0 0 0 0 0 0 0 0 0 1 
0 0 0 0 0 0 0 0 0 1 1 0 1 0 1 0 0 0 0 0 0 0 4 4 0 0 0 0 1 9 0 1 0 0 1 3 1 2 2 0 0 0 0 0 0 0 1 2 0 0 0 0 19 0 1 1 0 12 2 1 0 2 0 0 2 0 1 0 0 0 0 0 0 0 1 0 0 0 0 0 0 1 
0 0 0 0 0 0 0 0 0 1 1 0 1 0 1 3 0 3 0 0 0 0 1 2 0 0 0 0 0 7 0 1 0 0 1 3 1 2 2 0 0 0 0 0 0 0 1 2 0 0 0 0 19 0 1 0 0 11 2 1 0 2 0 0 2 1 1 0 0 0 0 0 0 0 1 1 0 0 0 0 1 1 
0 0 0 0 0 0 0 0 0 1 1 0 1 0 1 0 0 0 0 0 2 0 1 2 0 0 4 0 0 7 0 1 0 0 1 3 1 2 2 0 0 2 0 2 0 0 1 2 0 0 0 0 19 0 1 0 0 11 2 1 0 0 1 0 2 0 1 0 0 0 0 0 0 0 0 0 0 0 0 0 0 1 
0 0 0 0 0 0 0 0 0 1 1 0 1 0 1 0 0 0 0 0 0 0 3 4 0 0 0 0 1 7 0 1 2 0 1 3 1 2 2 0 0 0 0 0 0 0 1 2 0 0 0 0 19 0 1 0 0 11 2 1 0 2 0 0 2 0 1 0 0 0 0 0 0 0 0 0 0 0 0 0 0 1 
0 0 0 0 0 0 0 0 0 1 1 0 1 0 1 0 0 0 0 0 0 0 1 2 0 0 0 0 8 11 0 1 0 0 1 3 1 2 2 0 0 0 0 0 0 0 6 2 0 0 0 0 20 0 1 2 0 11 2 1 0 2 0 0 2 0 1 0 0 0 0 0 0 0 0 0 0 0 0 0 0 1 
0 0 0 0 0 0 0 0 0 1 1 0 0 1 1 0 0 0 0 0 0 0 1 2 0 0 0 0 0 7 0 0 1 0 1 3 1 2 2 0 1 0 0 0 0 0 1 2 0 0 0 0 19 0 0 1 0 11 2 1 0 0 0 0 2 0 0 1 0 0 0 1 0 0 0 0 0 0 0 0 0 1 
0 0 0 0 0 0 0 0 0 1 1 0 1 2 1 0 0 0 0 0 0 0 1 2 0 0 0 0 0 7 0 0 1 0 1 3 1 2 2 0 0 0 0 0 0 0 1 2 0 0 0 0 19 0 0 1 0 11 2 1 1 0 0 0 2 0 0 1 0 0 0 0 0 0 1 0 0 0 0 0 0 1 
0 0 0 0 0 0 0 0 0 2 1 1 0 1 1 0 0 0 0 0 0 0 1 2 0 0 0 0 0 7 0 0 1 0 1 3 1 2 2 0 0 0 0 0 0 0 1 2 0 0 0 0 19 0 1 2 0 12 2 1 1 0 0 0 2 0 0 1 0 0 0 0 0 0 1 0 0 0 0 0 0 1 
0 0 0 0 0 0 0 0 0 1 1 0 0 1 1 0 0 0 0 0 0 0 4 4 0 0 0 0 3 8 0 1 1 0 1 3 1 2 2 0 0 0 0 0 0 0 2 2 0 0 0 0 19 0 1 2 0 12 2 1 1 0 0 0 2 0 0 1 0 0 0 0 0 0 1 0 0 0 0 0 0 1 
0 2 0 0 0 0 0 0 0 1 1 0 0 1 1 0 0 0 0 0 0 1 1 6 0 0 2 0 4 8 0 1 1 2 0 4 1 2 2 0 0 1 2 0 0 0 2 2 0 0 0 0 19 0 1 2 0 11 3 1 1 0 0 0 2 0 0 1 0 0 0 0 0 0 1 0 0 0 0 0 0 1 
0 0 0 0 0 1 0 0 0 1 1 0 0 1 1 0 0 0 0 0 0 0 1 2 0 0 0 0 0 7 0 0 1 0 1 3 1 2 2 0 1 0 0 0 0 0 1 2 0 0 0 0 19 0 0 1 0 11 2 1 0 0 0 0 2 0 0 1 0 0 0 0 0 0 0 0 0 0 0 0 0 1 
0 0 0 0 0 1 0 0 0 1 1 0 0 1 1 0 0 0 0 0 0 1 1 2 0 0 0 0 0 7 0 0 1 0 0 4 1 2 2 0 1 0 0 0 0 0 1 2 0 0 0 0 19 0 0 1 0 10 3 1 0 0 0 0 2 0 0 1 0 0 0 0 0 0 0 0 0 0 0 0 0 1 
0 0 0 0 0 0 0 0 0 1 0 0 0 0 1 0 0 0 0 0 0 1 3 6 0 0 0 0 1 11 1 1 2 0 1 4 1 2 2 0 0 0 0 0 0 1 1 2 0 0 0 1 19 0 1 2 0 11 4 1 1 0 0 0 2 0 0 1 0 0 0 0 0 0 0 0 0 0 0 0 1 1 
0 0 0 0 0 0 0 0 0 1 0 0 0 0 1 0 0 0 0 0 0 1 1 2 0 1 1 0 0 7 1 1 0 0 1 4 1 2 2 1 0 3 0 0 0 0 1 2 0 1 0 0 19 0 1 0 0 10 3 1 0 0 0 0 2 0 0 1 0 0 1 0 0 0 0 0 0 0 0 0 0 1 
0 0 0 0 0 0 0 0 0 1 0 0 0 0 1 0 0 0 0 0 0 1 1 2 0 0 0 0 0 7 1 1 0 0 1 4 1 2 2 0 3 1 2 0 0 0 1 2 0 1 0 0 20 0 2 4 1 10 3 1 0 0 0 0 2 0 0 1 1 1 1 0 0 1 0 0 0 0 0 0 0 1 
0 0 0 0 0 0 0 0 0 1 0 0 0 0 1 0 0 0 0 0 0 1 3 4 0 0 0 0 0 11 1 1 0 0 1 4 1 2 2 0 0 0 2 0 0 0 1 2 0 1 0 0 21 0 1 0 2 12 3 1 0 0 0 1 2 0 0 1 0 0 0 0 0 0 0 0 0 2 0 0 0 1 
0 0 0 0 0 0 0 0 0 1 1 0 1 0 1 0 0 0 0 0 0 1 4 4 0 0 0 0 3 8 0 2 0 0 0 4 1 2 2 0 0 0 0 0 0 0 2 2 0 0 0 0 19 0 2 1 0 11 3 1 0 2 0 0 2 0 1 0 0 0 0 0 0 0 1 0 0 0 0 0 0 1 
0 0 0 0 0 0 0 0 0 1 1 0 1 0 1 0 0 0 0 0 0 1 1 3 1 0 0 0 0 7 0 1 1 0 1 4 1 2 2 0 0 0 0 0 0 0 1 2 0 0 0 0 19 0 1 0 0 10 3 1 0 2 0 0 2 0 1 0 0 0 0 0 0 0 1 0 0 0 0 0 0 1 
0 0 0 0 0 0 0 0 0 1 1 0 1 0 1 3 0 3 0 0 0 1 1 3 0 0 1 0 0 8 0 1 2 0 1 4 1 2 2 0 0 1 2 0 0 0 1 2 0 1 0 0 19 0 1 2 0 11 3 1 2 2 0 0 2 1 1 0 0 0 0 0 0 1 4 1 0 1 0 0 1 1 
0 0 0 0 0 0 0 0 0 1 1 0 1 0 1 3 0 3 0 0 0 1 1 2 0 0 0 0 0 8 0 1 1 0 0 4 1 2 2 0 3 1 2 0 0 0 1 2 0 1 0 0 20 0 2 6 1 11 3 1 1 2 0 0 2 1 1 0 1 1 1 0 0 1 2 1 0 0 0 0 1 1 
0 0 0 0 0 0 2 0 0 1 1 0 0 1 1 0 0 0 0 0 0 0 1 2 0 0 0 0 0 7 0 0 0 1 1 3 1 2 2 0 0 1 2 0 0 0 1 2 0 0 0 0 19 0 0 0 1 11 2 1 0 0 0 0 2 0 0 1 0 0 0 0 0 0 0 0 0 0 0 0 0 1 
0 0 0 0 0 1 0 0 0 1 1 0 0 1 1 0 0 0 0 0 0 0 1 2 0 0 0 0 0 7 0 0 1 0 1 3 1 2 2 0 1 0 0 0 0 0 1 2 0 0 0 0 19 0 0 1 0 11 2 1 0 0 0 0 2 0 0 1 0 0 0 0 0 0 0 0 0 0 0 0 0 1 
0 0 0 0 0 0 2 0 0 1 1 0 0 1 1 0 0 0 0 0 0 0 1 2 0 0 0 0 0 7 0 0 0 1 1 3 1 2 2 0 0 1 2 0 0 0 1 2 0 0 0 0 19 0 0 0 1 11 2 1 0 0 0 0 2 0 0 1 0 0 0 0 0 0 0 0 0 0 0 0 0 1 
0 0 0 0 0 0 0 0 0 1 1 0 0 1 1 0 0 0 0 0 0 0 4 2 0 0 2 0 0 7 0 0 0 1 1 3 1 2 2 0 0 1 2 0 0 0 1 2 0 0 0 0 19 0 0 0 1 11 2 1 0 0 0 0 2 0 0 1 0 0 0 0 0 0 0 0 0 0 0 0 0 1 
0 0 0 0 0 0 0 0 0 1 1 0 0 1 1 0 0 0 0 0 0 0 4 2 0 0 2 0 0 7 0 0 0 1 1 3 1 2 2 0 0 1 2 0 0 0 1 2 0 0 0 0 19 0 0 0 1 11 2 1 0 0 0 0 2 0 0 1 0 0 0 0 0 0 0 0 0 0 0 0 0 1 
0 0 0 0 0 0 0 0 0 1 1 0 1 0 1 0 0 0 0 0 0 1 6 4 0 0 2 0 1 7 0 0 2 1 0 4 1 2 2 0 0 1 2 0 0 0 1 2 0 0 0 0 19 0 0 0 1 10 3 1 0 2 0 0 2 0 1 0 0 0 0 0 0 0 0 0 0 0 0 0 0 1 
0 0 0 0 0 0 0 0 0 1 0 0 0 0 1 0 0 0 0 0 0 0 4 2 0 0 2 0 0 7 1 0 0 1 2 3 1 2 2 0 0 1 2 0 0 0 1 2 0 0 1 0 19 0 0 0 1 11 2 1 0 0 0 0 2 0 0 1 0 0 0 0 0 0 0 0 0 0 0 0 0 1 
0 0 0 0 0 0 0 0 0 1 0 0 0 0 1 0 0 0 0 0 0 0 1 2 0 0 2 2 0 7 1 0 0 1 2 3 1 2 2 0 0 1 2 0 1 0 1 2 0 0 1 0 19 0 0 0 1 11 2 1 0 0 0 0 2 0 0 1 0 0 0 0 0 0 0 0 0 0 0 0 0 1 
0 0 0 0 0 0 0 0 0 1 1 0 0 1 1 0 0 0 0 0 0 1 1 2 0 0 0 0 1 7 0 0 0 2 0 7 1 2 2 0 3 1 4 0 0 0 1 2 0 2 1 0 20 0 0 4 2 11 3 1 0 0 0 1 3 0 0 1 0 1 1 0 0 1 1 0 0 0 1 0 0 1 
0 0 0 0 0 0 0 0 0 1 1 0 0 1 1 0 0 0 0 0 0 1 1 2 0 0 0 0 1 7 0 0 0 2 0 7 1 2 2 0 3 1 4 0 0 0 1 2 0 2 1 0 20 0 0 4 2 11 3 1 0 0 0 1 3 0 0 1 0 1 1 0 0 1 1 0 0 0 1 0 0 1 
0 0 0 0 0 0 0 0 0 1 1 0 0 1 1 0 0 0 0 0 0 1 1 2 0 0 0 0 0 7 0 1 0 0 0 4 1 2 2 0 0 0 0 0 0 0 1 2 0 0 0 0 19 0 1 0 0 10 3 1 0 0 0 0 2 0 0 1 0 0 0 0 0 0 0 0 0 0 0 0 0 1 
0 0 1 0 0 0 0 0 0 1 0 0 0 0 1 0 0 0 0 0 0 1 1 2 0 0 0 0 0 7 1 1 0 0 1 4 1 2 2 0 0 0 0 0 0 0 1 2 0 0 0 0 19 0 1 0 0 10 3 1 0 0 0 0 2 0 0 1 0 0 0 0 0 0 0 0 0 0 0 0 0 1 
1 0 0 0 0 0 0 0 0 1 0 0 0 0 1 0 0 0 0 0 0 1 1 2 0 0 0 0 0 7 1 1 0 0 1 4 1 2 2 0 0 0 0 0 0 0 1 2 0 0 0 0 19 0 1 0 0 10 3 1 0 0 0 0 2 0 0 1 0 0 0 0 0 0 0 0 0 0 0 0 0 1 
0 0 0 0 0 0 0 0 0 1 0 0 0 0 1 0 0 0 0 0 0 1 1 2 0 0 0 0 0 7 1 1 0 0 1 4 1 2 2 0 0 0 0 0 0 0 1 2 1 0 0 0 19 0 1 0 0 10 3 1 0 0 0 0 2 0 0 1 0 0 0 0 0 0 0 0 0 0 0 0 0 1 
0 0 0 0 0 0 0 0 0 1 0 0 0 0 1 0 0 0 0 0 0 1 1 2 0 0 0 0 0 7 1 1 0 0 1 4 1 2 2 0 0 0 0 0 0 0 1 2 0 0 1 0 19 0 1 0 0 10 3 1 0 0 0 0 2 0 0 1 0 0 0 0 0 0 0 0 0 0 0 0 0 1 
0 0 0 0 0 0 0 0 0 1 0 0 0 0 1 0 0 0 0 0 0 1 1 2 0 0 0 0 0 7 1 1 0 0 1 4 1 2 2 0 0 0 0 0 1 0 1 2 0 0 0 1 19 0 1 0 0 10 3 1 0 0 0 0 2 0 0 1 0 0 0 0 0 0 0 0 0 0 0 1 0 1 
0 0 0 0 0 0 0 0 0 1 0 0 0 1 2 0 0 0 0 0 0 1 1 2 0 0 0 0 0 7 1 1 0 0 1 4 1 2 2 0 0 0 0 0 0 1 1 2 0 0 0 1 19 0 1 0 0 10 3 1 0 0 0 0 2 0 0 1 0 0 0 0 0 0 0 0 0 0 0 0 1 1 
0 0 0 0 0 0 0 0 0 1 0 0 0 0 1 0 0 0 0 0 0 1 3 4 0 0 0 0 0 10 1 1 0 0 2 4 1 2 2 0 0 0 0 0 0 1 1 2 0 0 0 1 20 0 1 0 0 12 4 1 0 0 0 0 2 0 0 1 0 0 0 0 0 0 0 0 0 0 0 0 1 1 
0 0 0 0 0 0 0 0 0 1 0 0 0 0 1 6 6 0 0 0 0 1 1 4 0 0 0 0 3 9 3 1 0 0 2 5 1 2 2 0 0 0 0 0 0 1 3 2 0 0 0 1 20 2 1 0 0 12 3 1 0 0 0 0 2 0 0 1 0 0 0 0 0 0 0 0 0 0 0 0 1 1 
0 0 0 0 0 0 0 0 0 1 0 0 0 0 1 0 0 0 0 0 0 1 1 2 0 1 1 0 0 7 1 1 0 0 1 4 1 2 2 1 0 3 0 0 0 0 1 2 0 1 0 0 19 0 1 0 0 10 3 1 0 0 0 0 2 0 0 1 0 0 1 0 0 0 0 0 0 0 0 0 0 1 
0 0 0 0 0 0 0 0 0 1 0 0 0 0 1 0 0 0 0 0 0 1 1 4 0 0 0 0 0 7 1 1 0 2 3 4 1 2 2 0 0 0 2 0 0 0 1 2 0 1 0 0 19 0 1 0 0 10 3 1 0 0 0 1 2 0 0 1 0 0 0 0 0 0 0 0 0 2 0 0 0 1 
0 0 0 0 0 0 0 0 0 1 1 0 0 1 1 0 0 0 0 0 0 1 1 2 0 0 0 0 0 7 0 1 0 0 0 4 1 2 2 0 0 0 0 0 0 0 1 2 0 0 0 0 19 0 1 0 0 10 3 1 0 0 0 0 2 0 0 1 0 0 0 0 0 0 0 0 0 0 0 0 0 1 
0 0 0 0 0 0 0 0 0 1 1 0 1 0 1 0 0 0 0 0 0 1 4 4 0 0 0 0 1 9 0 1 0 0 0 4 1 2 2 0 0 0 0 0 0 0 1 2 0 0 0 0 19 0 1 1 0 11 3 1 0 2 0 0 2 0 1 0 0 0 0 0 0 0 1 0 0 0 0 0 0 1 
0 0 0 0 0 0 0 0 0 1 1 0 1 0 1 3 0 3 0 0 0 1 1 2 0 0 0 0 0 7 0 1 0 0 0 4 1 2 2 0 0 0 0 0 0 0 1 2 0 0 0 0 19 0 1 0 0 10 3 1 0 2 0 0 2 1 1 0 0 0 0 0 0 0 1 1 0 0 0 0 1 1 
0 0 0 0 0 0 0 0 0 1 1 0 1 0 1 0 0 0 0 0 2 1 1 2 0 0 4 0 0 7 0 1 0 0 0 4 1 2 2 0 0 2 0 2 0 0 1 2 0 0 0 0 19 0 1 0 0 10 3 1 0 0 1 0 2 0 1 0 0 0 0 0 0 0 0 0 0 0 0 0 0 1 
0 0 0 0 0 0 0 0 0 1 1 0 1 0 1 0 0 0 0 0 0 1 3 4 0 0 0 0 1 7 0 1 2 0 0 4 1 2 2 0 0 0 0 0 0 0 1 2 0 0 0 0 19 0 1 0 0 10 3 1 0 2 0 0 2 0 1 0 0 0 0 0 0 0 0 0 0 0 0 0 0 1 
0 0 0 0 0 0 0 0 2 3 1 0 1 0 1 0 0 0 0 0 0 1 1 4 0 0 0 0 0 9 0 1 0 0 0 4 1 2 2 0 0 0 0 0 0 0 1 2 0 0 0 0 20 0 1 2 0 10 3 1 0 2 0 0 2 0 1 0 0 0 0 0 0 0 0 0 0 0 0 0 0 1 
0 0 0 1 0 0 0 0 1 1 1 0 2 0 1 0 0 0 0 0 0 1 2 3 0 0 0 0 0 7 0 1 1 0 0 4 1 2 2 0 0 0 0 0 0 0 1 2 0 0 0 0 19 0 1 0 0 10 3 1 0 2 0 0 2 0 1 0 0 0 0 0 0 0 0 0 0 0 0 0 0 1 
0 0 0 1 1 0 0 0 0 1 1 0 1 0 1 0 0 0 0 0 0 1 2 3 0 0 0 0 1 7 0 1 2 0 0 4 1 2 2 0 0 0 0 0 0 0 1 2 0 0 0 0 19 0 1 0 0 10 3 1 0 2 0 0 2 0 1 0 0 0 0 0 0 0 0 0 0 0 0 0 0 1 
0 0 0 0 0 0 0 1 3 1 1 0 2 0 1 0 0 0 0 0 0 1 1 2 0 0 0 0 0 7 0 1 1 0 0 4 1 2 2 0 0 0 0 0 0 0 2 2 0 0 0 0 19 0 1 0 0 10 3 1 0 2 0 0 2 0 1 0 0 0 0 0 0 0 0 0 0 0 0 0 0 1 
0 0 0 0 0 0 0 0 0 2 1 0 2 0 1 0 0 0 0 0 0 1 4 4 0 0 0 0 1 9 0 1 0 0 0 4 1 2 2 0 0 0 0 0 0 0 1 2 0 0 0 0 19 0 1 1 0 10 3 1 0 2 0 0 2 0 1 0 0 0 0 0 0 0 0 0 0 0 0 0 0 1 
0 0 0 0 0 0 0 0 0 1 1 0 1 0 1 0 0 0 0 0 0 1 1 2 0 0 0 0 8 11 0 1 0 0 0 4 1 2 2 0 0 0 0 0 0 0 6 2 0 0 0 0 20 0 1 2 0 10 3 1 0 2 0 0 2 0 1 0 0 0 0 0 0 0 0 0 0 0 0 0 0 1 
0 0 0 0 0 0 0 0 0 1 1 0 0 1 1 0 0 0 0 0 0 1 1 2 0 0 0 0 0 7 0 0 1 0 0 4 1 2 2 0 1 0 0 0 0 0 1 2 0 0 0 0 19 0 0 1 0 10 3 1 0 0 0 0 2 0 0 1 0 0 0 1 0 0 0 0 0 0 0 0 0 1 
0 0 0 0 0 0 0 0 0 1 1 0 1 2 1 0 0 0 0 0 0 1 1 2 0 0 0 0 0 7 0 0 1 0 0 4 1 2 2 0 0 0 0 0 0 0 1 2 0 0 0 0 19 0 0 1 0 10 3 1 1 0 0 0 2 0 0 1 0 0 0 0 0 0 1 0 0 0 0 0 0 1 
0 0 0 0 0 0 0 0 0 2 1 1 0 1 1 0 0 0 0 0 0 1 1 2 0 0 0 0 0 7 0 0 1 0 0 4 1 2 2 0 0 0 0 0 0 0 1 2 0 0 0 0 19 0 1 2 0 11 3 1 1 0 0 0 2 0 0 1 0 0 0 0 0 0 1 0 0 0 0 0 0 1 
0 0 0 0 0 0 0 0 0 1 1 0 0 1 1 0 0 0 0 0 0 1 4 4 0 0 0 0 3 8 0 1 1 0 0 4 1 2 2 0 0 0 0 0 0 0 2 2 0 0 0 0 19 0 1 2 0 11 3 1 1 0 0 0 2 0 0 1 0 0 0 0 0 0 1 0 0 0 0 0 0 1 
0 0 0 0 0 0 0 1 2 1 1 0 0 1 1 0 0 0 0 0 0 0 1 2 0 0 0 0 0 8 0 1 1 0 1 3 1 2 2 0 0 0 0 0 0 0 2 2 0 0 0 0 19 0 1 2 0 12 2 1 1 0 0 0 2 0 0 1 0 0 0 0 0 0 1 0 0 0 0 0 0 1 
0 0 0 0 0 0 2 0 0 1 1 0 0 1 1 0 0 0 0 0 0 1 1 2 0 0 0 0 0 7 0 0 0 1 0 4 1 2 2 0 0 1 2 0 0 0 1 2 0 0 0 0 19 0 0 0 1 10 3 1 0 0 0 0 2 0 0 1 0 0 0 0 0 0 0 0 0 0 0 0 0 1 
0 0 0 0 0 1 0 0 0 1 1 0 0 1 1 0 0 0 0 0 0 1 1 2 0 0 0 0 0 7 0 0 1 0 0 4 1 2 2 0 1 0 0 0 0 0 1 2 0 0 0 0 19 0 0 1 0 10 3 1 0 0 0 0 2 0 0 1 0 0 0 0 0 0 0 0 0 0 0 0 0 1 
0 0 0 0 0 0 2 0 0 1 1 0 0 1 1 0 0 0 0 0 0 1 1 2 0 0 0 0 0 7 0 0 0 1 0 4 1 2 2 0 0 1 2 0 0 0 1 2 0 0 0 0 19 0 0 0 1 10 3 1 0 0 0 0 2 0 0 1 0 0 0 0 0 0 0 0 0 0 0 0 0 1 
0 0 0 0 0 0 0 0 0 1 1 0 0 1 1 0 0 0 0 0 0 1 4 2 0 0 2 0 0 7 0 0 0 1 0 4 1 2 2 0 0 1 2 0 0 0 1 2 0 0 0 0 19 0 0 0 1 10 3 1 0 0 0 0 2 0 0 1 0 0 0 0 0 0 0 0 0 0 0 0 0 1 
0 0 0 0 0 0 0 0 0 1 1 0 0 1 1 0 0 0 0 0 0 1 4 2 0 0 2 0 0 7 0 0 0 1 0 4 1 2 2 0 0 1 2 0 0 0 1 2 0 0 0 0 19 0 0 0 1 10 3 1 0 0 0 0 2 0 0 1 0 0 0 0 0 0 0 0 0 0 0 0 0 1 
0 0 0 0 0 0 0 0 0 1 0 0 0 0 1 0 0 0 0 0 0 1 4 2 0 0 2 0 0 7 1 0 0 1 1 4 1 2 2 0 0 1 2 0 0 0 1 2 0 0 1 0 19 0 0 0 1 10 3 1 0 0 0 0 2 0 0 1 0 0 0 0 0 0 0 0 0 0 0 0 0 1 
0 0 0 0 0 0 0 0 0 1 0 0 0 0 1 0 0 0 0 0 0 1 1 2 0 0 2 2 0 7 1 0 0 1 1 4 1 2 2 0 0 1 2 0 1 0 1 2 0 0 1 0 19 0 0 0 1 10 3 1 0 0 0 0 2 0 0 1 0 0 0 0 0 0 0 0 0 0 0 0 0 1 
0 0 0 0 0 0 0 0 0 1 1 0 0 1 1 0 0 0 1 0 0 1 1 2 0 0 0 0 0 7 0 0 1 0 0 4 1 2 2 0 0 0 0 0 0 0 1 2 0 0 0 0 19 0 0 1 0 10 3 1 1 0 0 0 2 0 0 1 0 0 0 0 1 0 2 0 0 0 0 0 0 1 
0 0 0 0 0 1 0 0 0 1 1 0 0 1 1 0 0 0 0 0 0 1 1 2 0 0 0 0 0 7 0 0 1 0 0 4 1 2 2 0 1 0 0 0 0 0 1 2 0 0 0 0 19 0 0 1 0 10 3 1 1 0 0 0 2 0 0 1 0 0 0 0 1 0 0 0 2 0 0 0 0 1 
0 0 0 1 0 0 0 0 0 1 1 0 0 1 1 0 0 0 0 0 0 1 1 2 0 1 0 0 0 7 0 0 1 0 0 4 1 2 2 0 1 0 0 0 0 0 1 2 0 0 0 0 19 0 0 1 0 10 3 1 1 0 0 0 2 0 0 1 0 0 0 0 1 0 0 0 2 0 0 0 0 1 
0 0 0 0 0 0 0 0 0 1 1 0 0 1 1 0 0 0 0 0 0 1 4 4 0 0 0 0 1 7 0 0 3 0 0 4 1 2 2 0 0 0 0 0 0 0 1 2 0 0 0 0 19 0 0 1 0 10 3 1 2 0 0 0 2 0 0 1 0 0 0 0 1 0 0 0 2 0 0 0 0 1 
0 0 0 0 0 0 0 0 0 1 1 0 1 0 1 0 0 0 0 0 0 1 4 4 0 0 0 0 1 7 0 1 2 0 0 4 1 2 2 0 0 0 0 0 0 0 1 2 0 0 0 0 19 0 1 0 0 10 3 1 0 2 0 0 2 0 1 0 0 0 0 0 0 0 0 0 0 0 0 0 0 1 
0 0 0 0 0 0 0 0 0 1 1 0 1 0 1 0 0 0 0 0 0 0 4 4 0 0 0 0 1 7 0 1 2 0 1 3 1 2 2 0 0 0 0 0 0 0 1 2 0 0 0 0 19 0 1 0 0 11 2 1 0 2 0 0 2 0 1 0 0 0 0 0 0 0 0 0 0 0 0 0 0 1 
0 0 0 0 0 0 0 0 0 1 1 0 0 1 1 0 0 0 0 0 0 1 1 2 0 0 2 2 0 7 0 0 0 1 0 4 1 2 2 0 0 1 2 0 1 0 1 2 0 0 0 0 19 0 0 0 1 10 3 1 0 0 0 0 2 0 0 1 0 0 0 0 0 0 0 0 0 0 0 0 0 1 
0 0 0 0 0 0 0 0 0 1 1 0 0 1 1 0 0 0 0 0 0 0 1 2 0 0 2 2 0 7 0 0 0 1 1 3 1 2 2 0 0 1 2 0 1 0 1 2 0 0 0 0 19 0 0 0 1 11 2 1 0 0 0 0 2 0 0 1 0 0 0 0 0 0 0 0 0 0 0 0 0 1 
0 0 0 0 0 0 0 0 0 1 1 0 0 1 1 0 0 0 0 1 2 1 1 2 0 0 0 0 0 7 0 0 1 0 0 4 1 2 2 0 1 0 0 0 0 0 1 2 0 0 0 0 19 0 0 1 0 10 3 1 0 0 0 0 2 0 0 1 0 0 1 0 0 0 0 0 0 0 0 0 0 1 
0 0 0 0 0 0 0 0 0 1 1 0 0 1 1 0 0 0 0 1 2 0 1 2 0 0 0 0 0 7 0 0 1 0 1 3 1 2 2 0 1 0 0 0 0 0 1 2 0 0 0 0 19 0 0 1 0 11 2 1 0 0 0 0 2 0 0 1 0 0 1 0 0 0 0 0 0 0 0 0 0 1 
0 0 0 0 0 0 0 0 0 1 0 0 0 0 1 0 0 0 0 1 2 1 1 2 0 0 0 0 0 7 1 0 1 0 1 4 1 2 2 0 1 0 0 0 0 0 1 2 0 0 1 0 19 0 0 1 0 10 3 1 0 0 0 0 2 0 0 1 0 0 1 0 0 0 0 0 0 0 0 0 0 1 

