matrk1m3.txt - (87, 31)
matrk2m1.txt - (87, 29)
matrk2m2.txt - (87, 53)
matrk2m3.txt - (87, 90)
matrk3m1.txt - (87, 82)
matrk3m2.txt - (87, 160)
matrk3m3.txt - (87, 220)

1 .32
2 .33
3 .34
4 .35
5 .18
6 .20
7 .35
8 .36
9 .49
10 .10
11 .25
12 .20
13 .25
14 .3
15 .31
16 .34
17 .44
18 .49
19 .51
20 .18
21 .42
22 .81
23 .39
24 .45
25 .4
26 .09
27 .11
28 .53
29 .21
30 .15
31 .11
32 .07
33 .5
34 .25
35 .3
36 .58
37 .42
38 .76
39 .45
40 .67
41 .26
42 .22
43 .39
44 .4
45 .41
46 .42
47 .22
48 .19
49 .42
50 .42
51 .59
52 .11
53 .3
54 .22
55 .28
56 .33
57 .35
58 .4
59 .41
60 .36
61 .4
62 .4
63 .4
64 .43
65 .56
66 .59
67 .20
68 .46
69 .25
70 .56
71 .3
72 .4
73 .67
74 .49
75 .5
76 .7
77 .79
78 .93
79 .95
80 .95
81 .4
82 .39
83 .92
84 .91
85 .18
86 .17
87 .09