0 0 0 0 0 0 4 0 0 1 1 0 0 0 2 1 0 0 2 2 3 2 0 0 0 0 2 6 0 0 1 0 0 0 0 0 0 
0 0 0 0 0 0 4 0 0 1 1 0 0 0 2 1 0 0 2 2 3 2 0 0 0 0 2 6 0 0 1 0 0 0 0 0 0 
0 0 0 0 0 0 1 0 1 0 0 0 0 0 1 1 0 0 3 0 2 0 0 0 0 0 2 7 0 0 0 0 0 0 0 0 0 
0 0 0 0 0 0 4 0 0 1 1 0 0 0 2 1 0 0 2 2 3 2 0 0 0 0 2 6 1 0 0 0 0 0 0 0 0 
0 0 0 0 0 0 2 0 0 1 1 0 0 0 4 1 0 0 2 2 4 2 0 0 0 0 2 6 1 0 0 0 0 0 0 0 0 
0 0 0 0 0 0 1 0 1 0 0 0 0 0 1 1 0 0 3 0 2 0 0 0 0 0 2 6 1 0 0 0 0 0 0 0 0 
0 0 0 0 0 0 4 0 0 1 1 0 0 0 2 2 0 0 3 2 4 2 0 0 0 0 2 9 0 1 0 0 0 0 0 0 0 
0 0 0 0 0 0 4 0 0 1 1 0 0 0 2 2 0 0 3 2 4 2 0 0 0 0 2 9 0 1 0 0 0 0 0 0 0 
0 0 0 0 0 0 6 0 0 1 1 0 0 0 2 1 1 0 2 2 3 2 0 0 0 0 0 3 0 0 0 0 0 0 0 0 0 
0 0 0 0 0 0 6 0 0 1 1 0 0 0 2 1 1 0 2 2 3 2 0 0 0 0 0 3 0 0 0 0 0 0 0 0 0 
0 0 0 0 0 1 5 1 0 1 1 0 0 0 2 0 0 0 2 2 3 2 0 0 0 0 0 3 0 0 0 0 0 0 0 0 0 
0 0 0 0 0 0 5 1 0 1 1 2 0 0 2 0 0 0 2 2 3 2 0 0 0 0 0 3 0 0 0 0 0 0 0 0 0 
0 0 0 0 0 4 8 0 0 0 0 0 0 0 2 0 1 0 2 0 1 0 0 0 2 0 0 0 0 0 0 0 1 0 0 0 0 
0 0 0 1 0 3 4 0 1 0 0 0 0 1 1 0 1 0 2 2 2 0 0 0 1 0 0 0 0 0 0 0 1 1 0 0 0 
0 0 0 1 0 2 6 0 1 0 0 0 0 1 0 0 1 0 2 2 2 0 0 0 1 0 0 0 0 0 0 0 1 1 0 0 0 
0 0 0 0 0 3 4 0 1 0 0 0 0 1 1 0 1 0 3 0 0 0 0 1 1 0 0 0 0 0 0 0 1 0 0 0 0 
0 0 0 0 0 2 6 0 1 0 0 0 0 1 0 0 1 0 3 0 0 0 0 1 1 0 0 0 0 0 0 0 1 0 0 0 0 
0 2 0 0 0 6 6 0 0 0 0 0 0 0 3 0 1 0 2 0 1 0 0 0 0 0 0 0 0 0 0 0 0 0 0 0 0 
0 0 0 0 0 5 6 0 0 0 0 0 0 0 3 1 0 0 2 1 2 0 0 0 0 0 0 3 0 0 0 0 0 0 0 2 0 
2 0 3 0 0 2 8 0 0 0 0 0 0 0 3 1 1 0 2 1 1 2 0 0 0 0 0 0 0 0 0 0 0 0 0 2 0 
0 0 0 1 0 4 10 0 0 0 0 0 0 0 1 1 0 1 5 0 0 0 0 0 0 1 0 3 0 0 0 0 0 0 1 0 2 
0 0 0 0 0 8 4 0 0 2 0 0 0 0 1 1 0 0 0 1 1 0 0 0 0 0 0 3 0 0 0 0 0 0 0 0 0 
0 0 0 0 0 4 2 0 0 0 0 0 0 0 3 1 0 0 0 0 1 2 0 0 0 0 0 3 0 0 0 0 0 0 0 0 0 
0 0 0 0 0 2 4 0 0 0 0 0 0 0 3 1 0 0 0 1 1 2 0 0 0 0 0 3 0 0 0 0 0 0 0 2 0 
0 0 0 0 0 4 2 0 0 0 0 0 0 0 3 1 0 0 0 0 1 2 0 0 0 0 3 9 0 0 0 0 0 0 0 0 0 
0 0 0 1 0 2 2 0 0 2 0 2 0 0 0 1 0 0 0 1 1 0 0 0 0 0 0 3 0 0 0 0 0 0 0 0 0 
0 0 0 0 0 2 6 0 1 0 0 0 1 0 0 0 1 0 3 0 1 0 1 0 0 0 0 0 0 0 0 0 1 0 0 0 0 
0 0 0 0 2 9 12 0 0 0 0 0 0 0 9 1 1 0 6 4 5 0 0 0 1 0 0 0 0 0 0 1 0 0 0 2 0 

