0 0 0 3 0 0 2 0 0 0 0 0 1 0 0 0 0 0 0 0 0 0 0 0 0 0 0 0 
0 0 0 3 0 0 3 0 0 0 0 0 1 0 0 0 0 0 0 0 0 0 0 0 0 0 0 0 
0 0 0 4 0 0 0 0 0 0 0 0 2 0 0 0 0 0 0 0 0 0 0 0 0 0 0 0 
0 0 0 1 0 0 1 5 0 0 0 0 0 0 1 0 0 0 0 0 0 0 0 0 0 0 0 0 
0 0 0 2 0 0 0 5 0 0 0 0 1 0 1 0 0 0 0 0 0 0 0 0 0 0 0 0 
0 0 0 1 0 0 5 5 0 0 0 0 0 0 1 0 0 0 0 0 0 0 0 0 0 0 0 0 
0 0 0 1 0 0 0 5 0 0 0 0 0 0 1 0 0 0 0 0 0 0 0 0 0 0 0 0 
0 0 0 2 0 0 1 5 0 0 0 0 1 0 1 0 0 0 0 0 0 0 0 0 0 0 0 0 
0 0 0 1 0 0 3 5 0 0 0 0 0 0 1 0 0 0 0 0 0 0 0 0 0 0 0 0 
0 0 0 1 0 0 4 5 0 0 0 0 0 0 1 0 0 0 0 0 0 0 0 0 0 0 0 0 
0 0 1 1 1 0 4 0 0 0 0 0 0 0 0 0 0 0 0 0 0 0 0 0 0 0 0 0 
0 0 0 3 1 0 0 0 0 1 0 0 0 0 0 0 0 0 0 0 0 0 0 0 0 0 0 0 
0 0 0 2 2 0 4 0 0 0 0 0 0 0 0 0 0 0 0 0 0 0 0 0 0 0 0 0 
0 0 1 1 1 0 3 0 0 0 0 0 0 0 0 0 0 0 0 0 0 0 0 0 0 0 0 0 
0 0 0 2 2 0 3 0 0 0 0 0 0 0 0 0 0 0 0 0 0 0 0 0 0 0 0 0 
0 0 0 2 2 0 2 0 0 0 0 0 0 0 0 0 0 0 0 0 0 0 0 0 0 0 0 0 
0 0 0 1 0 5 0 0 0 0 0 1 0 0 0 0 0 0 0 0 0 0 0 0 0 0 0 0 
0 0 0 2 0 5 1 0 0 0 0 1 1 0 0 0 0 0 0 0 0 0 0 0 0 0 0 0 
0 0 0 1 0 5 1 0 0 0 0 1 0 0 0 0 0 0 0 0 0 0 0 0 0 0 0 0 
0 0 0 2 0 5 0 0 0 0 0 1 1 0 0 0 0 0 0 0 0 0 0 0 0 0 0 0 
0 0 0 3 0 5 0 0 0 0 0 1 0 0 0 1 0 0 0 0 0 0 0 0 0 0 0 0 
0 0 0 1 0 5 3 0 0 0 0 1 0 0 0 0 0 0 0 0 0 0 0 0 0 0 0 0 
0 0 0 1 0 5 2 0 0 0 0 1 0 0 0 0 0 0 0 0 0 0 0 0 0 0 0 0 
0 0 0 1 0 5 4 0 0 0 0 1 0 0 0 0 0 0 0 0 0 0 0 0 0 0 0 0 
0 0 0 1 0 5 5 0 0 0 0 1 0 0 0 0 0 0 0 0 0 0 0 0 0 0 0 0 
0 0 0 2 0 4 0 0 0 0 0 2 0 0 0 0 0 0 0 0 0 0 0 0 0 0 0 0 
0 0 0 0 0 18 0 0 0 0 0 6 0 0 0 0 0 0 0 0 0 0 0 0 0 0 0 0 
0 0 0 1 0 0 1 0 0 0 0 0 0 0 0 0 0 0 0 0 0 0 0 0 1 0 0 0 
0 0 0 1 0 0 0 0 0 0 0 0 0 0 0 0 0 0 0 0 0 0 0 0 1 0 0 0 
0 0 0 1 0 0 3 0 0 0 0 0 0 0 0 0 0 0 0 0 0 0 0 0 1 0 0 0 
0 0 0 1 0 0 5 0 0 0 0 0 0 0 0 0 0 0 0 0 0 0 0 0 1 0 0 0 
0 0 0 1 0 0 4 0 0 0 0 0 0 0 0 0 0 0 0 0 0 0 0 0 1 0 0 0 
0 0 0 0 0 0 2 0 0 0 0 0 1 0 0 0 0 0 0 0 0 0 0 0 3 0 0 0 
0 0 0 0 0 0 2 0 0 0 0 0 0 0 0 0 0 0 0 0 0 0 0 0 2 0 0 0 
0 0 0 1 0 0 1 0 0 0 0 0 1 0 0 0 0 0 0 0 0 0 0 0 2 0 0 0 
0 0 0 0 0 0 0 5 0 0 0 0 0 0 1 0 0 0 0 0 0 0 0 0 1 0 0 0 
0 0 0 0 0 9 0 0 0 1 0 3 0 0 0 0 0 0 0 0 0 0 0 1 1 1 0 0 
0 0 0 0 0 5 1 0 0 0 0 1 0 0 0 0 0 0 0 0 0 0 0 0 1 0 0 0 
0 0 0 0 0 0 0 7 0 0 0 0 0 0 1 0 0 0 0 0 0 0 0 0 1 0 0 0 
0 0 0 0 0 0 0 6 1 0 0 0 0 3 0 0 1 0 0 1 0 0 0 0 0 0 0 0 
0 0 0 0 0 0 0 5 1 0 0 0 0 0 1 0 0 0 0 1 0 0 0 0 0 0 0 0 
0 0 0 3 0 0 3 0 0 0 0 0 0 0 0 0 0 0 0 0 0 1 0 0 0 0 0 0 
0 0 0 1 0 0 0 0 0 1 0 0 0 0 0 0 0 0 1 0 0 0 0 1 0 0 0 0 
1 0 0 2 0 0 1 0 0 0 0 0 1 0 0 0 0 0 0 0 0 0 0 0 0 0 0 0 
0 4 0 0 0 0 0 0 0 0 0 0 0 0 0 2 0 2 0 0 0 0 0 0 0 0 0 0 
1 0 0 2 0 0 1 0 0 0 0 0 1 0 0 0 0 0 0 0 0 0 0 0 0 0 0 0 
1 0 0 2 0 0 2 0 0 0 0 0 1 0 0 0 0 0 0 0 0 0 0 0 0 0 0 0 
0 4 0 0 0 0 0 0 0 0 0 0 0 0 0 1 0 0 0 0 0 0 0 0 0 0 0 0 
0 3 0 0 0 0 0 0 0 0 0 0 1 0 0 0 0 0 0 0 0 0 0 0 0 0 0 0 
0 0 0 0 1 5 0 0 0 0 0 1 0 0 0 0 0 0 0 0 0 0 0 1 0 0 0 0 
0 0 0 1 0 5 0 0 0 1 0 1 0 0 0 0 0 0 0 0 0 0 0 1 0 0 0 0 
0 0 0 2 0 0 0 0 0 1 0 0 0 0 0 0 0 0 0 0 0 0 0 1 0 0 0 0 
0 0 0 2 0 0 1 0 0 1 0 0 0 0 0 0 0 0 0 0 0 0 0 1 0 0 0 0 
0 0 0 3 0 0 1 0 0 1 0 0 1 0 0 0 0 0 0 0 0 0 0 1 0 0 0 0 
0 0 0 4 0 0 0 0 0 0 0 0 2 0 0 0 0 0 0 0 0 0 0 0 0 1 0 0 
0 0 0 2 0 4 0 0 0 2 0 2 0 0 0 0 0 0 0 0 0 0 0 2 0 2 0 0 
0 0 0 2 0 4 6 0 0 2 0 2 0 0 0 0 0 0 0 0 0 0 0 2 0 2 0 0 
0 0 0 4 0 4 10 0 0 2 0 2 2 0 0 0 0 0 0 0 0 0 0 2 0 2 0 0 
0 0 0 2 0 0 1 0 0 1 0 0 0 0 0 0 0 0 0 0 0 0 0 1 0 1 0 0 
0 0 0 1 0 0 0 1 0 0 0 1 0 0 1 0 0 0 0 0 0 0 0 1 0 0 2 0 
0 0 0 2 0 0 0 0 0 0 0 0 0 0 0 0 0 0 0 0 0 0 0 1 0 0 0 1 
0 0 0 0 0 5 0 0 0 0 0 0 0 0 0 0 0 0 0 0 1 0 0 0 0 0 0 0 
0 0 0 2 1 0 0 0 0 0 0 0 0 0 0 0 0 0 0 0 0 1 0 1 0 0 0 0 
0 0 0 4 0 6 0 5 0 0 0 6 0 0 0 0 1 0 0 0 0 0 0 0 0 2 0 0 
0 0 0 2 0 8 0 5 0 0 0 4 0 0 0 0 1 0 0 0 0 0 0 0 0 2 0 0 
0 0 0 2 0 26 0 0 0 0 0 10 0 0 0 0 0 0 0 0 0 2 0 0 0 0 0 0 
0 0 0 2 0 14 2 0 0 0 8 2 0 0 0 0 0 0 0 0 0 0 2 0 0 0 0 0 
0 0 0 0 0 24 0 0 0 0 8 4 0 0 0 0 0 0 0 0 0 0 2 0 0 0 0 0 
0 0 0 2 0 36 0 0 0 0 0 18 0 0 0 1 0 0 0 0 6 0 0 0 0 2 0 0 
0 0 0 6 0 32 0 0 0 0 0 22 0 0 0 1 0 0 0 0 6 0 0 0 0 2 0 0 
0 0 0 3 0 36 0 3 0 0 0 18 0 0 1 0 2 0 0 0 6 0 0 0 0 2 0 0 
0 0 0 1 0 36 1 10 0 0 0 18 0 0 1 0 1 0 0 0 6 0 0 0 0 2 0 0 
0 0 0 8 0 14 10 0 0 0 4 10 2 0 0 0 1 0 0 0 4 2 0 0 0 0 2 0 
0 0 0 6 0 22 0 0 0 0 4 14 0 0 0 0 1 0 0 0 4 2 0 0 0 2 2 0 
0 0 0 0 0 36 0 0 0 0 0 16 0 0 0 3 0 6 0 0 4 2 0 0 0 0 2 0 
0 0 0 0 0 32 0 0 0 0 0 14 0 0 0 0 0 0 0 0 4 2 0 0 0 0 2 0 
0 0 0 0 0 32 0 0 0 0 0 14 0 0 0 0 0 0 0 0 4 2 0 0 0 0 2 0 
0 0 0 0 0 36 0 0 0 0 12 6 0 0 0 0 0 0 0 0 0 1 3 0 0 0 0 0 
0 0 0 0 0 39 0 0 0 0 0 15 0 0 0 0 0 0 0 0 0 1 0 0 0 0 0 0 
0 0 0 3 0 42 0 0 0 0 0 18 0 0 0 0 0 0 0 0 0 3 0 0 0 0 0 0 
0 0 0 0 0 48 0 0 0 0 6 12 0 0 0 0 0 0 0 0 0 4 0 0 0 0 0 0 
0 0 0 3 0 0 1 0 0 0 0 0 1 0 0 0 0 0 0 0 0 0 0 0 0 0 0 0 
0 0 0 1 0 0 0 0 1 0 0 0 0 0 0 0 0 0 0 1 0 0 0 0 0 0 0 0 
0 0 0 1 0 2 0 3 0 0 0 0 0 0 1 0 0 0 0 0 0 0 0 0 0 0 0 0 
0 0 0 0 0 6 0 0 0 0 0 0 0 0 0 0 0 0 0 0 0 0 0 0 0 0 0 0 
0 0 0 1 1 0 0 0 0 0 0 0 0 0 0 0 0 0 0 0 0 0 0 1 0 0 0 0 
0 0 0 0 0 0 1 0 0 0 0 0 0 0 0 1 0 3 0 0 0 0 0 0 1 0 0 0 
0 0 0 4 0 4 2 0 0 2 0 2 2 0 0 0 0 0 0 0 0 0 0 2 0 2 0 0 
0 1 0 2 0 0 1 0 0 0 0 0 1 0 0 0 0 0 0 0 0 0 0 0 0 0 0 0 
0 0 0 2 0 0 0 4 0 0 0 0 0 0 2 0 0 0 0 0 0 0 0 0 0 0 0 0 
0 0 0 3 0 0 0 0 0 1 0 0 0 0 0 0 0 0 0 0 0 1 0 1 0 0 0 0 
0 0 0 1 0 0 2 0 0 0 0 0 0 0 0 0 0 0 0 0 0 0 0 0 1 0 0 0 
0 0 0 2 0 0 2 0 0 0 0 0 0 0 0 0 0 0 0 0 0 0 0 0 0 1 0 0 
0 0 0 0 0 9 1 0 0 0 0 3 0 0 0 0 0 0 0 0 0 0 0 0 1 0 0 0 
0 0 0 0 0 24 0 0 0 0 6 6 0 0 0 0 0 0 0 0 0 0 0 0 0 0 0 0 
0 0 0 4 0 50 0 0 0 0 0 22 0 0 0 0 0 0 0 0 0 4 0 0 0 0 0 0 
0 0 0 0 0 36 0 0 0 0 0 18 0 0 0 3 0 6 0 0 6 0 0 0 0 2 0 0 
0 0 0 6 0 14 14 0 0 0 4 10 0 0 0 0 1 0 0 0 4 2 0 0 0 0 2 0 
0 0 0 0 0 32 0 0 0 0 0 14 0 0 0 0 0 0 0 0 4 2 0 0 0 0 2 0 
0 0 0 0 0 41 0 0 0 0 0 19 0 0 0 0 0 0 0 0 6 3 0 0 0 0 3 0 
0 0 0 3 0 39 0 0 0 0 0 15 0 0 0 0 0 0 0 0 0 4 0 0 0 0 0 0 
0 0 0 0 0 48 0 0 0 0 6 12 0 0 0 0 0 0 0 0 0 4 0 0 0 0 0 0 
0 0 0 0 0 32 0 0 0 0 4 8 0 0 0 0 0 0 0 0 0 2 0 0 0 0 0 0 

